8 1
9 1
10 1
13 1
32 1
33 2
34 3
37 4
38 5
39 6
40 7
41 8
42 9
43 10
44 11
45 12
46 13
47 14
48 15
49 16
50 16
51 16
52 16
53 16
54 16
55 16
56 16
57 16
59 17
60 18
61 19
62 20
65 21
66 21
67 21
68 21
69 21
70 21
71 21
72 21
73 21
74 21
75 21
76 21
77 21
78 21
79 21
80 21
81 21
82 21
83 21
84 21
85 21
86 21
87 21
88 21
89 21
90 21
91 22
93 23
94 24
95 21
97 21
98 25
99 26
100 27
101 28
102 29
103 30
104 21
105 31
106 21
107 21
108 21
109 32
110 21
111 33
112 21
113 21
114 34
115 21
116 21
117 21
118 35
119 36
120 21
121 21
122 21
123 37
124 38
125 39
126 40
8 1
9 1
10 1
13 1
32 1
61 41
9 3
10 3
13 3
32 3
33 3
34 42
35 3
36 3
37 3
38 3
39 3
40 3
41 3
42 3
43 3
44 3
45 3
46 3
47 3
48 3
49 3
50 3
51 3
52 3
53 3
54 3
55 3
56 3
57 3
58 3
59 3
60 3
61 3
62 3
63 3
64 3
65 3
66 3
67 3
68 3
69 3
70 3
71 3
72 3
73 3
74 3
75 3
76 3
77 3
78 3
79 3
80 3
81 3
82 3
83 3
84 3
85 3
86 3
87 3
88 3
89 3
90 3
91 3
92 3
93 3
94 3
95 3
96 3
97 3
98 3
99 3
100 3
101 3
102 3
103 3
104 3
105 3
106 3
107 3
108 3
109 3
110 3
111 3
112 3
113 3
114 3
115 3
116 3
117 3
118 3
119 3
120 3
121 3
122 3
123 3
124 3
125 3
126 3
161 3
162 3
163 3
164 3
165 3
166 3
167 3
168 3
169 3
170 3
171 3
172 3
173 3
174 3
175 3
176 3
177 3
178 3
179 3
180 3
181 3
182 3
183 3
184 3
185 3
186 3
187 3
188 3
189 3
190 3
191 3
192 3
193 3
194 3
195 3
196 3
197 3
198 3
199 3
200 3
201 3
202 3
203 3
204 3
205 3
206 3
207 3
208 3
209 3
210 3
211 3
212 3
213 3
214 3
215 3
216 3
217 3
218 3
219 3
220 3
221 3
222 3
223 3
224 3
225 3
226 3
227 3
228 3
229 3
230 3
231 3
232 3
233 3
234 3
235 3
236 3
237 3
238 3
239 3
240 3
241 3
242 3
243 3
244 3
245 3
246 3
247 3
248 3
249 3
250 3
251 3
252 3
253 3
254 3
255 3
38 43
48 44
49 44
50 44
51 44
52 44
53 44
54 44
55 44
56 44
57 44
65 44
66 44
67 44
68 44
69 44
70 44
71 44
72 44
73 44
74 44
75 44
76 44
77 44
78 44
79 44
80 44
81 44
82 44
83 44
84 44
85 44
86 44
87 44
88 44
89 44
90 44
95 44
97 44
98 44
99 44
100 44
101 44
102 44
103 44
104 44
105 44
106 44
107 44
108 44
109 44
110 44
111 44
112 44
113 44
114 44
115 44
116 44
117 44
118 44
119 44
120 44
121 44
122 44
42 45
47 46
46 47
48 16
49 16
50 16
51 16
52 16
53 16
54 16
55 16
56 16
57 16
98 48
120 49
46 47
48 16
49 16
50 16
51 16
52 16
53 16
54 16
55 16
56 16
57 16
60 50
61 51
61 52
61 53
62 54
48 21
49 21
50 21
51 21
52 21
53 21
54 21
55 21
56 21
57 21
65 21
66 21
67 21
68 21
69 21
70 21
71 21
72 21
73 21
74 21
75 21
76 21
77 21
78 21
79 21
80 21
81 21
82 21
83 21
84 21
85 21
86 21
87 21
88 21
89 21
90 21
95 21
97 21
98 21
99 21
100 21
101 21
102 21
103 21
104 21
105 21
106 21
107 21
108 21
109 21
110 21
111 21
112 21
113 21
114 21
115 21
116 21
117 21
118 21
119 21
120 21
121 21
122 21
48 21
49 21
50 21
51 21
52 21
53 21
54 21
55 21
56 21
57 21
65 21
66 21
67 21
68 21
69 21
70 21
71 21
72 21
73 21
74 21
75 21
76 21
77 21
78 21
79 21
80 21
81 21
82 21
83 21
84 21
85 21
86 21
87 21
88 21
89 21
90 21
95 21
97 21
98 21
99 21
100 21
101 21
102 21
103 21
104 21
105 21
106 21
107 21
108 21
109 21
110 21
111 21
112 21
113 21
114 21
115 21
116 21
117 55
118 21
119 21
120 21
121 21
122 21
48 21
49 21
50 21
51 21
52 21
53 21
54 21
55 21
56 21
57 21
65 21
66 21
67 21
68 21
69 21
70 21
71 21
72 21
73 21
74 21
75 21
76 21
77 21
78 21
79 21
80 21
81 21
82 21
83 21
84 21
85 21
86 21
87 21
88 21
89 21
90 21
95 21
97 21
98 21
99 21
100 21
101 21
102 21
103 21
104 56
105 21
106 21
107 21
108 21
109 21
110 21
111 21
112 21
113 21
114 21
115 21
116 21
117 21
118 21
119 21
120 21
121 21
122 21
48 21
49 21
50 21
51 21
52 21
53 21
54 21
55 21
56 21
57 21
65 21
66 21
67 21
68 21
69 21
70 21
71 21
72 21
73 21
74 21
75 21
76 21
77 21
78 21
79 21
80 21
81 21
82 21
83 21
84 21
85 21
86 21
87 21
88 21
89 21
90 21
95 21
97 21
98 21
99 21
100 21
101 21
102 21
103 21
104 21
105 21
106 21
107 21
108 21
109 21
110 21
111 57
112 21
113 21
114 21
115 21
116 21
117 21
118 21
119 21
120 21
121 21
122 21
48 21
49 21
50 21
51 21
52 21
53 21
54 21
55 21
56 21
57 21
65 21
66 21
67 21
68 21
69 21
70 21
71 21
72 21
73 21
74 21
75 21
76 21
77 21
78 21
79 21
80 21
81 21
82 21
83 21
84 21
85 21
86 21
87 21
88 21
89 21
90 21
95 21
97 21
98 21
99 21
100 21
101 21
102 21
103 21
104 21
105 21
106 21
107 21
108 58
109 21
110 21
111 21
112 21
113 21
114 21
115 21
116 21
117 21
118 21
119 21
120 21
121 21
122 21
48 21
49 21
50 21
51 21
52 21
53 21
54 21
55 21
56 21
57 21
65 21
66 21
67 21
68 21
69 21
70 21
71 21
72 21
73 21
74 21
75 21
76 21
77 21
78 21
79 21
80 21
81 21
82 21
83 21
84 21
85 21
86 21
87 21
88 21
89 21
90 21
95 21
97 21
98 21
99 21
100 21
101 21
102 21
103 21
104 21
105 21
106 21
107 21
108 21
109 21
110 21
111 59
112 21
113 21
114 21
115 21
116 21
117 21
118 21
119 21
120 21
121 21
122 21
48 21
49 21
50 21
51 21
52 21
53 21
54 21
55 21
56 21
57 21
65 21
66 21
67 21
68 21
69 21
70 21
71 21
72 21
73 21
74 21
75 21
76 21
77 21
78 21
79 21
80 21
81 21
82 21
83 21
84 21
85 21
86 21
87 21
88 21
89 21
90 21
95 21
97 21
98 21
99 21
100 21
101 21
102 21
103 21
104 21
105 21
106 21
107 21
108 21
109 21
110 21
111 60
112 21
113 21
114 21
115 21
116 21
117 21
118 21
119 21
120 21
121 21
122 21
48 21
49 21
50 21
51 21
52 21
53 21
54 21
55 21
56 21
57 21
65 21
66 21
67 21
68 21
69 21
70 21
71 21
72 21
73 21
74 21
75 21
76 21
77 21
78 21
79 21
80 21
81 21
82 21
83 21
84 21
85 21
86 21
87 21
88 21
89 21
90 21
95 21
97 21
98 21
99 21
100 21
101 21
102 61
103 21
104 21
105 21
106 21
107 21
108 21
109 21
110 62
111 21
112 21
113 21
114 21
115 21
116 21
117 21
118 21
119 21
120 21
121 21
122 21
48 21
49 21
50 21
51 21
52 21
53 21
54 21
55 21
56 21
57 21
65 21
66 21
67 21
68 21
69 21
70 21
71 21
72 21
73 21
74 21
75 21
76 21
77 21
78 21
79 21
80 21
81 21
82 21
83 21
84 21
85 21
86 21
87 21
88 21
89 21
90 21
95 21
97 63
98 21
99 21
100 21
101 21
102 21
103 21
104 21
105 64
106 21
107 21
108 21
109 21
110 21
111 21
112 21
113 21
114 21
115 21
116 21
117 21
118 21
119 21
120 21
121 21
122 21
48 21
49 21
50 21
51 21
52 21
53 21
54 21
55 21
56 21
57 21
65 21
66 21
67 21
68 21
69 21
70 21
71 21
72 21
73 21
74 21
75 21
76 21
77 21
78 21
79 21
80 21
81 21
82 21
83 21
84 21
85 21
86 21
87 21
88 21
89 21
90 21
95 21
97 21
98 21
99 21
100 21
101 21
102 21
103 21
104 21
105 21
106 21
107 21
108 21
109 21
110 21
111 21
112 21
113 21
114 21
115 21
116 21
117 65
118 21
119 21
120 21
121 21
122 21
48 21
49 21
50 21
51 21
52 21
53 21
54 21
55 21
56 21
57 21
65 21
66 21
67 21
68 21
69 21
70 21
71 21
72 21
73 21
74 21
75 21
76 21
77 21
78 21
79 21
80 21
81 21
82 21
83 21
84 21
85 21
86 21
87 21
88 21
89 21
90 21
95 21
97 21
98 21
99 21
100 21
101 66
102 21
103 21
104 21
105 21
106 21
107 21
108 21
109 21
110 21
111 21
112 21
113 21
114 21
115 21
116 21
117 21
118 21
119 21
120 21
121 21
122 21
48 21
49 21
50 21
51 21
52 21
53 21
54 21
55 21
56 21
57 21
65 21
66 21
67 21
68 21
69 21
70 21
71 21
72 21
73 21
74 21
75 21
76 21
77 21
78 21
79 21
80 21
81 21
82 21
83 21
84 21
85 21
86 21
87 21
88 21
89 21
90 21
95 21
97 21
98 21
99 21
100 21
101 21
102 21
103 21
104 21
105 21
106 21
107 21
108 21
109 21
110 21
111 67
112 21
113 21
114 21
115 21
116 21
117 21
118 21
119 21
120 21
121 21
122 21
48 21
49 21
50 21
51 21
52 21
53 21
54 21
55 21
56 21
57 21
65 21
66 21
67 21
68 21
69 21
70 21
71 21
72 21
73 21
74 21
75 21
76 21
77 21
78 21
79 21
80 21
81 21
82 21
83 21
84 21
85 21
86 21
87 21
88 21
89 21
90 21
95 21
97 21
98 21
99 21
100 21
101 21
102 21
103 21
104 68
105 21
106 21
107 21
108 21
109 21
110 21
111 21
112 21
113 21
114 21
115 21
116 21
117 21
118 21
119 21
120 21
121 21
122 21
124 69
39 70
10 71
32 71
33 71
35 71
36 71
37 71
38 71
42 72
43 71
45 71
47 45
48 71
49 71
50 71
51 71
52 71
53 71
54 71
55 71
56 71
57 71
64 71
65 71
66 71
67 71
68 71
69 71
70 71
71 71
72 71
73 71
74 71
75 71
76 71
77 71
78 71
79 71
80 71
81 71
82 71
83 71
84 71
85 71
86 71
87 71
88 71
89 71
90 71
95 71
97 71
98 71
99 71
100 71
101 71
102 71
103 71
104 71
105 71
106 71
107 71
108 71
109 71
110 71
111 71
112 71
113 71
114 71
115 71
116 71
117 71
118 71
119 71
120 71
121 71
122 71
128 71
129 71
130 71
131 71
132 71
133 71
134 71
135 71
136 71
137 71
138 71
139 71
140 71
141 71
142 71
143 71
144 71
145 71
146 71
147 71
148 71
149 71
150 71
151 71
152 71
153 71
154 71
155 71
156 71
157 71
158 71
159 71
160 71
161 71
162 71
163 71
164 71
165 71
166 71
167 71
168 71
169 71
170 71
171 71
172 71
173 71
174 71
175 71
176 71
177 71
178 71
179 71
180 71
181 71
182 71
183 71
184 71
185 71
186 71
187 71
188 71
189 71
190 71
191 71
192 71
193 71
194 71
195 71
275 71
9 46
32 46
33 46
34 46
35 46
36 46
37 46
38 46
39 46
40 46
41 46
42 46
43 46
44 46
45 46
46 46
47 46
48 46
49 46
50 46
51 46
52 46
53 46
54 46
55 46
56 46
57 46
58 46
59 46
60 46
61 46
62 46
63 46
64 46
65 46
66 46
67 46
68 46
69 46
70 46
71 46
72 46
73 46
74 46
75 46
76 46
77 46
78 46
79 46
80 46
81 46
82 46
83 46
84 46
85 46
86 46
87 46
88 46
89 46
90 46
91 46
92 46
93 46
94 46
95 46
96 46
97 46
98 46
99 46
100 46
101 46
102 46
103 46
104 46
105 46
106 46
107 46
108 46
109 46
110 46
111 46
112 46
113 46
114 46
115 46
116 46
117 46
118 46
119 46
120 46
121 46
122 46
123 46
124 46
125 46
126 46
161 46
162 46
163 46
164 46
165 46
166 46
167 46
168 46
169 46
170 46
171 46
172 46
173 46
174 46
175 46
176 46
177 46
178 46
179 46
180 46
181 46
182 46
183 46
184 46
185 46
186 46
187 46
188 46
189 46
190 46
191 46
192 46
193 46
194 46
195 46
196 46
197 46
198 46
199 46
200 46
201 46
202 46
203 46
204 46
205 46
206 46
207 46
208 46
209 46
210 46
211 46
212 46
213 46
214 46
215 46
216 46
217 46
218 46
219 46
220 46
221 46
222 46
223 46
224 46
225 46
226 46
227 46
228 46
229 46
230 46
231 46
232 46
233 46
234 46
235 46
236 46
237 46
238 46
239 46
240 46
241 46
242 46
243 46
244 46
245 46
246 46
247 46
248 46
249 46
250 46
251 46
252 46
253 46
254 46
255 46
48 73
49 73
50 73
51 73
52 73
53 73
54 73
55 73
56 73
57 73
48 74
49 74
48 75
49 75
50 75
51 75
52 75
53 75
54 75
55 75
56 75
57 75
65 75
66 75
67 75
68 75
69 75
70 75
97 75
98 75
99 75
100 75
101 75
102 75
48 21
49 21
50 21
51 21
52 21
53 21
54 21
55 21
56 21
57 21
65 21
66 21
67 21
68 21
69 21
70 21
71 21
72 21
73 21
74 21
75 21
76 21
77 21
78 21
79 21
80 21
81 21
82 21
83 21
84 21
85 21
86 21
87 21
88 21
89 21
90 21
95 21
97 21
98 21
99 21
100 21
101 21
102 21
103 76
104 21
105 21
106 21
107 21
108 21
109 21
110 21
111 21
112 21
113 21
114 21
115 21
116 21
117 21
118 21
119 21
120 21
121 21
122 21
48 21
49 21
50 21
51 21
52 21
53 21
54 21
55 21
56 21
57 21
65 21
66 21
67 21
68 21
69 21
70 21
71 21
72 21
73 21
74 21
75 21
76 21
77 21
78 21
79 21
80 21
81 21
82 21
83 21
84 21
85 21
86 21
87 21
88 21
89 21
90 21
95 21
97 21
98 21
99 21
100 21
101 21
102 21
103 21
104 21
105 77
106 21
107 21
108 21
109 21
110 21
111 21
112 21
113 21
114 21
115 21
116 21
117 21
118 21
119 21
120 21
121 21
122 21
48 21
49 21
50 21
51 21
52 21
53 21
54 21
55 21
56 21
57 21
65 21
66 21
67 21
68 21
69 21
70 21
71 21
72 21
73 21
74 21
75 21
76 21
77 21
78 21
79 21
80 21
81 21
82 21
83 21
84 21
85 21
86 21
87 21
88 21
89 21
90 21
95 21
97 21
98 21
99 21
100 21
101 21
102 21
103 21
104 21
105 21
106 21
107 21
108 21
109 21
110 21
111 21
112 21
113 21
114 21
115 21
116 21
117 21
118 21
119 21
120 21
121 21
122 21
48 21
49 21
50 21
51 21
52 21
53 21
54 21
55 21
56 21
57 21
65 21
66 21
67 21
68 21
69 21
70 21
71 21
72 21
73 21
74 21
75 21
76 21
77 21
78 21
79 21
80 21
81 21
82 21
83 21
84 21
85 21
86 21
87 21
88 21
89 21
90 21
95 21
97 21
98 21
99 21
100 21
101 21
102 21
103 21
104 21
105 21
106 21
107 21
108 21
109 21
110 21
111 21
112 21
113 21
114 21
115 78
116 21
117 21
118 21
119 21
120 21
121 21
122 21
48 21
49 21
50 21
51 21
52 21
53 21
54 21
55 21
56 21
57 21
65 21
66 21
67 21
68 21
69 21
70 21
71 21
72 21
73 21
74 21
75 21
76 21
77 21
78 21
79 21
80 21
81 21
82 21
83 21
84 21
85 21
86 21
87 21
88 21
89 21
90 21
95 21
97 21
98 21
99 21
100 21
101 21
102 21
103 21
104 21
105 21
106 21
107 21
108 21
109 21
110 21
111 21
112 21
113 21
114 79
115 21
116 21
117 21
118 21
119 21
120 21
121 21
122 21
48 21
49 21
50 21
51 21
52 21
53 21
54 21
55 21
56 21
57 21
65 21
66 21
67 21
68 21
69 21
70 21
71 21
72 21
73 21
74 21
75 21
76 21
77 21
78 21
79 21
80 21
81 21
82 21
83 21
84 21
85 21
86 21
87 21
88 21
89 21
90 21
95 21
97 21
98 21
99 21
100 21
101 21
102 21
103 21
104 21
105 21
106 21
107 21
108 80
109 21
110 21
111 21
112 21
113 21
114 21
115 21
116 21
117 21
118 21
119 21
120 21
121 21
122 21
48 21
49 21
50 21
51 21
52 21
53 21
54 21
55 21
56 21
57 21
65 21
66 21
67 21
68 21
69 21
70 21
71 21
72 21
73 21
74 21
75 21
76 21
77 21
78 21
79 21
80 21
81 21
82 21
83 21
84 21
85 21
86 21
87 21
88 21
89 21
90 21
95 21
97 21
98 21
99 21
100 21
101 21
102 21
103 21
104 21
105 21
106 21
107 21
108 21
109 21
110 21
111 21
112 21
113 21
114 21
115 21
116 21
117 21
118 21
119 21
120 21
121 21
122 21
48 21
49 21
50 21
51 21
52 21
53 21
54 21
55 21
56 21
57 21
65 21
66 21
67 21
68 21
69 21
70 21
71 21
72 21
73 21
74 21
75 21
76 21
77 21
78 21
79 21
80 21
81 21
82 21
83 21
84 21
85 21
86 21
87 21
88 21
89 21
90 21
95 21
97 21
98 21
99 21
100 21
101 21
102 21
103 21
104 21
105 21
106 21
107 21
108 21
109 21
110 21
111 21
112 81
113 21
114 21
115 21
116 21
117 21
118 21
119 21
120 21
121 21
122 21
48 21
49 21
50 21
51 21
52 21
53 21
54 21
55 21
56 21
57 21
65 21
66 21
67 21
68 21
69 21
70 21
71 21
72 21
73 21
74 21
75 21
76 21
77 21
78 21
79 21
80 21
81 21
82 21
83 21
84 21
85 21
86 21
87 21
88 21
89 21
90 21
95 21
97 21
98 21
99 82
100 21
101 21
102 21
103 21
104 21
105 21
106 21
107 21
108 21
109 21
110 21
111 21
112 21
113 21
114 21
115 21
116 21
117 21
118 21
119 21
120 21
121 21
122 21
48 21
49 21
50 21
51 21
52 21
53 21
54 21
55 21
56 21
57 21
65 21
66 21
67 21
68 21
69 21
70 21
71 21
72 21
73 21
74 21
75 21
76 21
77 21
78 21
79 21
80 21
81 21
82 21
83 21
84 21
85 21
86 21
87 21
88 21
89 21
90 21
95 21
97 21
98 21
99 83
100 21
101 21
102 21
103 21
104 21
105 21
106 21
107 21
108 21
109 21
110 21
111 21
112 21
113 21
114 21
115 21
116 21
117 21
118 21
119 21
120 21
121 21
122 21
48 21
49 21
50 21
51 21
52 21
53 21
54 21
55 21
56 21
57 21
65 21
66 21
67 21
68 21
69 21
70 21
71 21
72 21
73 21
74 21
75 21
76 21
77 21
78 21
79 21
80 21
81 21
82 21
83 21
84 21
85 21
86 21
87 21
88 21
89 21
90 21
95 21
97 21
98 21
99 21
100 21
101 21
102 21
103 21
104 21
105 21
106 21
107 21
108 21
109 21
110 21
111 21
112 21
113 21
114 21
115 21
116 84
117 21
118 21
119 21
120 21
121 21
122 21
48 21
49 21
50 21
51 21
52 21
53 21
54 21
55 21
56 21
57 21
65 21
66 21
67 21
68 21
69 21
70 21
71 21
72 21
73 21
74 21
75 21
76 21
77 21
78 21
79 21
80 21
81 21
82 21
83 21
84 21
85 21
86 21
87 21
88 21
89 21
90 21
95 21
97 21
98 21
99 21
100 21
101 21
102 21
103 21
104 21
105 21
106 21
107 21
108 21
109 21
110 21
111 21
112 21
113 21
114 21
115 21
116 85
117 21
118 21
119 21
120 21
121 21
122 21
48 21
49 21
50 21
51 21
52 21
53 21
54 21
55 21
56 21
57 21
65 21
66 21
67 21
68 21
69 21
70 21
71 21
72 21
73 21
74 21
75 21
76 21
77 21
78 21
79 21
80 21
81 21
82 21
83 21
84 21
85 21
86 21
87 21
88 21
89 21
90 21
95 21
97 21
98 21
99 21
100 21
101 21
102 21
103 21
104 21
105 86
106 21
107 21
108 21
109 21
110 21
111 21
112 21
113 21
114 21
115 21
116 21
117 21
118 21
119 21
120 21
121 21
122 21
48 21
49 21
50 21
51 21
52 21
53 21
54 21
55 21
56 21
57 21
65 21
66 21
67 21
68 21
69 21
70 21
71 21
72 21
73 21
74 21
75 21
76 21
77 21
78 21
79 21
80 21
81 21
82 21
83 21
84 21
85 21
86 21
87 21
88 21
89 21
90 21
95 21
97 21
98 21
99 21
100 21
101 21
102 21
103 21
104 21
105 87
106 21
107 21
108 21
109 21
110 21
111 21
112 21
113 21
114 21
115 21
116 21
117 21
118 21
119 21
120 21
121 21
122 21
10 71
32 71
33 71
35 71
36 71
37 71
38 71
42 72
43 71
45 71
47 71
48 71
49 71
50 71
51 71
52 71
53 71
54 71
55 71
56 71
57 71
64 71
65 71
66 71
67 71
68 71
69 71
70 71
71 71
72 71
73 71
74 71
75 71
76 71
77 71
78 71
79 71
80 71
81 71
82 71
83 71
84 71
85 71
86 71
87 71
88 71
89 71
90 71
95 71
97 71
98 71
99 71
100 71
101 71
102 71
103 71
104 71
105 71
106 71
107 71
108 71
109 71
110 71
111 71
112 71
113 71
114 71
115 71
116 71
117 71
118 71
119 71
120 71
121 71
122 71
128 71
129 71
130 71
131 71
132 71
133 71
134 71
135 71
136 71
137 71
138 71
139 71
140 71
141 71
142 71
143 71
144 71
145 71
146 71
147 71
148 71
149 71
150 71
151 71
152 71
153 71
154 71
155 71
156 71
157 71
158 71
159 71
160 71
161 71
162 71
163 71
164 71
165 71
166 71
167 71
168 71
169 71
170 71
171 71
172 71
173 71
174 71
175 71
176 71
177 71
178 71
179 71
180 71
181 71
182 71
183 71
184 71
185 71
186 71
187 71
188 71
189 71
190 71
191 71
192 71
193 71
194 71
195 71
275 71
10 71
32 71
33 71
35 71
36 71
37 71
38 71
42 72
43 71
45 71
47 88
48 71
49 71
50 71
51 71
52 71
53 71
54 71
55 71
56 71
57 71
64 71
65 71
66 71
67 71
68 71
69 71
70 71
71 71
72 71
73 71
74 71
75 71
76 71
77 71
78 71
79 71
80 71
81 71
82 71
83 71
84 71
85 71
86 71
87 71
88 71
89 71
90 71
95 71
97 71
98 71
99 71
100 71
101 71
102 71
103 71
104 71
105 71
106 71
107 71
108 71
109 71
110 71
111 71
112 71
113 71
114 71
115 71
116 71
117 71
118 71
119 71
120 71
121 71
122 71
128 71
129 71
130 71
131 71
132 71
133 71
134 71
135 71
136 71
137 71
138 71
139 71
140 71
141 71
142 71
143 71
144 71
145 71
146 71
147 71
148 71
149 71
150 71
151 71
152 71
153 71
154 71
155 71
156 71
157 71
158 71
159 71
160 71
161 71
162 71
163 71
164 71
165 71
166 71
167 71
168 71
169 71
170 71
171 71
172 71
173 71
174 71
175 71
176 71
177 71
178 71
179 71
180 71
181 71
182 71
183 71
184 71
185 71
186 71
187 71
188 71
189 71
190 71
191 71
192 71
193 71
194 71
195 71
275 71
48 73
49 73
50 73
51 73
52 73
53 73
54 73
55 73
56 73
57 73
48 74
49 74
48 75
49 75
50 75
51 75
52 75
53 75
54 75
55 75
56 75
57 75
65 75
66 75
67 75
68 75
69 75
70 75
97 75
98 75
99 75
100 75
101 75
102 75
48 21
49 21
50 21
51 21
52 21
53 21
54 21
55 21
56 21
57 21
65 21
66 21
67 21
68 21
69 21
70 21
71 21
72 21
73 21
74 21
75 21
76 21
77 21
78 21
79 21
80 21
81 21
82 21
83 21
84 21
85 21
86 21
87 21
88 21
89 21
90 21
95 21
97 21
98 21
99 21
100 21
101 21
102 21
103 21
104 21
105 89
106 21
107 21
108 21
109 21
110 21
111 21
112 21
113 21
114 21
115 21
116 21
117 21
118 21
119 21
120 21
121 21
122 21
48 21
49 21
50 21
51 21
52 21
53 21
54 21
55 21
56 21
57 21
65 21
66 21
67 21
68 21
69 21
70 21
71 21
72 21
73 21
74 21
75 21
76 21
77 21
78 21
79 21
80 21
81 21
82 21
83 21
84 21
85 21
86 21
87 21
88 21
89 21
90 21
95 21
97 21
98 21
99 21
100 21
101 21
102 21
103 21
104 21
105 21
106 21
107 21
108 21
109 90
110 21
111 21
112 21
113 21
114 21
115 21
116 21
117 21
118 21
119 21
120 21
121 21
122 21
48 21
49 21
50 21
51 21
52 21
53 21
54 21
55 21
56 21
57 21
65 21
66 21
67 21
68 21
69 21
70 21
71 21
72 21
73 21
74 21
75 21
76 21
77 21
78 21
79 21
80 21
81 21
82 21
83 21
84 21
85 21
86 21
87 21
88 21
89 21
90 21
95 21
97 21
98 21
99 21
100 21
101 91
102 21
103 21
104 21
105 21
106 21
107 21
108 21
109 21
110 21
111 21
112 21
113 21
114 21
115 21
116 21
117 21
118 21
119 21
120 21
121 21
122 21
48 21
49 21
50 21
51 21
52 21
53 21
54 21
55 21
56 21
57 21
65 21
66 21
67 21
68 21
69 21
70 21
71 21
72 21
73 21
74 21
75 21
76 21
77 21
78 21
79 21
80 21
81 21
82 21
83 21
84 21
85 21
86 21
87 21
88 21
89 21
90 21
95 21
97 21
98 21
99 21
100 21
101 21
102 21
103 21
104 21
105 21
106 21
107 21
108 21
109 21
110 21
111 21
112 21
113 21
114 21
115 21
116 21
117 21
118 21
119 21
120 21
121 21
122 21
48 21
49 21
50 21
51 21
52 21
53 21
54 21
55 21
56 21
57 21
65 21
66 21
67 21
68 21
69 21
70 21
71 21
72 21
73 21
74 21
75 21
76 21
77 21
78 21
79 21
80 21
81 21
82 21
83 21
84 21
85 21
86 21
87 21
88 21
89 21
90 21
95 21
97 21
98 21
99 21
100 21
101 21
102 21
103 21
104 21
105 92
106 21
107 21
108 21
109 21
110 21
111 21
112 21
113 21
114 21
115 21
116 21
117 21
118 21
119 21
120 21
121 21
122 21
48 21
49 21
50 21
51 21
52 21
53 21
54 21
55 21
56 21
57 21
65 21
66 21
67 21
68 21
69 21
70 21
71 21
72 21
73 21
74 21
75 21
76 21
77 21
78 21
79 21
80 21
81 21
82 21
83 21
84 21
85 21
86 21
87 21
88 21
89 21
90 21
95 21
97 21
98 21
99 21
100 21
101 21
102 21
103 21
104 21
105 21
106 21
107 21
108 21
109 21
110 21
111 21
112 21
113 21
114 21
115 21
116 21
117 93
118 21
119 21
120 21
121 21
122 21
48 21
49 21
50 21
51 21
52 21
53 21
54 21
55 21
56 21
57 21
65 21
66 21
67 21
68 21
69 21
70 21
71 21
72 21
73 21
74 21
75 21
76 21
77 21
78 21
79 21
80 21
81 21
82 21
83 21
84 21
85 21
86 21
87 21
88 21
89 21
90 21
95 21
97 94
98 21
99 21
100 21
101 21
102 21
103 21
104 21
105 21
106 21
107 21
108 21
109 21
110 21
111 21
112 21
113 21
114 21
115 21
116 21
117 21
118 21
119 21
120 21
121 21
122 21
48 21
49 21
50 21
51 21
52 21
53 21
54 21
55 21
56 21
57 21
65 21
66 21
67 21
68 21
69 21
70 21
71 21
72 21
73 21
74 21
75 21
76 21
77 21
78 21
79 21
80 21
81 21
82 21
83 21
84 21
85 21
86 21
87 21
88 21
89 21
90 21
95 21
97 21
98 21
99 21
100 21
101 21
102 21
103 21
104 21
105 21
106 21
107 21
108 21
109 21
110 21
111 95
112 21
113 21
114 21
115 21
116 21
117 21
118 21
119 21
120 21
121 21
122 21
48 21
49 21
50 21
51 21
52 21
53 21
54 21
55 21
56 21
57 21
65 21
66 21
67 21
68 21
69 21
70 21
71 21
72 21
73 21
74 21
75 21
76 21
77 21
78 21
79 21
80 21
81 21
82 21
83 21
84 21
85 21
86 21
87 21
88 21
89 21
90 21
95 21
97 21
98 21
99 21
100 21
101 21
102 21
103 21
104 21
105 21
106 21
107 21
108 21
109 21
110 21
111 21
112 96
113 21
114 21
115 21
116 21
117 21
118 21
119 21
120 21
121 21
122 21
48 21
49 21
50 21
51 21
52 21
53 21
54 21
55 21
56 21
57 21
65 21
66 21
67 21
68 21
69 21
70 21
71 21
72 21
73 21
74 21
75 21
76 21
77 21
78 21
79 21
80 21
81 21
82 21
83 21
84 21
85 21
86 21
87 21
88 21
89 21
90 21
95 21
97 21
98 21
99 21
100 21
101 21
102 21
103 21
104 21
105 21
106 21
107 21
108 21
109 21
110 21
111 21
112 21
113 21
114 21
115 21
116 21
117 97
118 21
119 21
120 21
121 21
122 21
48 21
49 21
50 21
51 21
52 21
53 21
54 21
55 21
56 21
57 21
65 21
66 21
67 21
68 21
69 21
70 21
71 21
72 21
73 21
74 21
75 21
76 21
77 21
78 21
79 21
80 21
81 21
82 21
83 21
84 21
85 21
86 21
87 21
88 21
89 21
90 21
95 21
97 21
98 21
99 21
100 98
101 21
102 21
103 21
104 21
105 21
106 21
107 21
108 21
109 21
110 21
111 21
112 21
113 21
114 21
115 21
116 21
117 21
118 21
119 21
120 21
121 21
122 21
48 21
49 21
50 21
51 21
52 21
53 21
54 21
55 21
56 21
57 21
65 21
66 21
67 21
68 21
69 21
70 21
71 21
72 21
73 21
74 21
75 21
76 21
77 21
78 21
79 21
80 21
81 21
82 21
83 21
84 21
85 21
86 21
87 21
88 21
89 21
90 21
95 21
97 21
98 21
99 21
100 21
101 21
102 21
103 21
104 21
105 21
106 21
107 21
108 99
109 21
110 21
111 21
112 21
113 21
114 21
115 21
116 21
117 21
118 21
119 21
120 21
121 21
122 21
10 71
32 71
33 71
35 71
36 71
37 71
38 71
42 72
43 71
45 71
47 71
48 71
49 71
50 71
51 71
52 71
53 71
54 71
55 71
56 71
57 71
64 71
65 71
66 71
67 71
68 71
69 71
70 71
71 71
72 71
73 71
74 71
75 71
76 71
77 71
78 71
79 71
80 71
81 71
82 71
83 71
84 71
85 71
86 71
87 71
88 71
89 71
90 71
95 71
97 71
98 71
99 71
100 71
101 71
102 71
103 71
104 71
105 71
106 71
107 71
108 71
109 71
110 71
111 71
112 71
113 71
114 71
115 71
116 71
117 71
118 71
119 71
120 71
121 71
122 71
128 71
129 71
130 71
131 71
132 71
133 71
134 71
135 71
136 71
137 71
138 71
139 71
140 71
141 71
142 71
143 71
144 71
145 71
146 71
147 71
148 71
149 71
150 71
151 71
152 71
153 71
154 71
155 71
156 71
157 71
158 71
159 71
160 71
161 71
162 71
163 71
164 71
165 71
166 71
167 71
168 71
169 71
170 71
171 71
172 71
173 71
174 71
175 71
176 71
177 71
178 71
179 71
180 71
181 71
182 71
183 71
184 71
185 71
186 71
187 71
188 71
189 71
190 71
191 71
192 71
193 71
194 71
195 71
275 71
48 21
49 21
50 21
51 21
52 21
53 21
54 21
55 21
56 21
57 21
65 21
66 21
67 21
68 21
69 21
70 21
71 21
72 21
73 21
74 21
75 21
76 21
77 21
78 21
79 21
80 21
81 21
82 21
83 21
84 21
85 21
86 21
87 21
88 21
89 21
90 21
95 21
97 21
98 21
99 21
100 21
101 21
102 21
103 21
104 21
105 21
106 21
107 21
108 21
109 21
110 21
111 100
112 21
113 21
114 21
115 21
116 21
117 21
118 21
119 21
120 21
121 21
122 21
48 21
49 21
50 21
51 21
52 21
53 21
54 21
55 21
56 21
57 21
65 21
66 21
67 21
68 21
69 21
70 21
71 21
72 21
73 21
74 21
75 21
76 21
77 21
78 21
79 21
80 21
81 21
82 21
83 21
84 21
85 21
86 21
87 21
88 21
89 21
90 21
95 21
97 21
98 21
99 21
100 21
101 21
102 21
103 21
104 21
105 21
106 21
107 21
108 21
109 21
110 21
111 21
112 101
113 21
114 21
115 21
116 21
117 21
118 21
119 21
120 21
121 21
122 21
48 21
49 21
50 21
51 21
52 21
53 21
54 21
55 21
56 21
57 21
65 21
66 21
67 21
68 21
69 21
70 21
71 21
72 21
73 21
74 21
75 21
76 21
77 21
78 21
79 21
80 21
81 21
82 21
83 21
84 21
85 21
86 21
87 21
88 21
89 21
90 21
95 21
97 21
98 21
99 21
100 21
101 21
102 21
103 21
104 21
105 21
106 21
107 21
108 21
109 21
110 21
111 21
112 21
113 21
114 21
115 21
116 21
117 21
118 21
119 21
120 21
121 21
122 21
48 21
49 21
50 21
51 21
52 21
53 21
54 21
55 21
56 21
57 21
65 21
66 21
67 21
68 21
69 21
70 21
71 21
72 21
73 21
74 21
75 21
76 21
77 21
78 21
79 21
80 21
81 21
82 21
83 21
84 21
85 21
86 21
87 21
88 21
89 21
90 21
95 21
97 21
98 21
99 21
100 21
101 21
102 21
103 21
104 21
105 21
106 21
107 21
108 21
109 21
110 21
111 21
112 21
113 21
114 102
115 21
116 21
117 21
118 21
119 21
120 21
121 21
122 21
48 21
49 21
50 21
51 21
52 21
53 21
54 21
55 21
56 21
57 21
65 21
66 21
67 21
68 21
69 21
70 21
71 21
72 21
73 21
74 21
75 21
76 21
77 21
78 21
79 21
80 21
81 21
82 21
83 21
84 21
85 21
86 21
87 21
88 21
89 21
90 21
95 21
97 21
98 21
99 21
100 21
101 21
102 21
103 21
104 21
105 21
106 21
107 21
108 21
109 21
110 21
111 21
112 21
113 21
114 21
115 21
116 103
117 21
118 21
119 21
120 21
121 21
122 21
48 21
49 21
50 21
51 21
52 21
53 21
54 21
55 21
56 21
57 21
65 21
66 21
67 21
68 21
69 21
70 21
71 21
72 21
73 21
74 21
75 21
76 21
77 21
78 21
79 21
80 21
81 21
82 21
83 21
84 21
85 21
86 21
87 21
88 21
89 21
90 21
95 21
97 21
98 21
99 21
100 21
101 21
102 21
103 21
104 21
105 21
106 21
107 21
108 21
109 21
110 21
111 21
112 21
113 104
114 21
115 21
116 21
117 21
118 21
119 21
120 21
121 21
122 21
48 21
49 21
50 21
51 21
52 21
53 21
54 21
55 21
56 21
57 21
65 21
66 21
67 21
68 21
69 21
70 21
71 21
72 21
73 21
74 21
75 21
76 21
77 21
78 21
79 21
80 21
81 21
82 21
83 21
84 21
85 21
86 21
87 21
88 21
89 21
90 21
95 21
97 21
98 21
99 21
100 21
101 21
102 21
103 21
104 21
105 21
106 21
107 21
108 21
109 21
110 21
111 21
112 21
113 21
114 21
115 21
116 21
117 21
118 21
119 21
120 21
121 21
122 21
48 21
49 21
50 21
51 21
52 21
53 21
54 21
55 21
56 21
57 21
65 21
66 21
67 21
68 21
69 21
70 21
71 21
72 21
73 21
74 21
75 21
76 21
77 21
78 21
79 21
80 21
81 21
82 21
83 21
84 21
85 21
86 21
87 21
88 21
89 21
90 21
95 21
97 21
98 21
99 21
100 21
101 21
102 21
103 21
104 21
105 21
106 21
107 21
108 21
109 21
110 21
111 21
112 21
113 21
114 21
115 21
116 21
117 105
118 21
119 21
120 21
121 21
122 21
48 21
49 21
50 21
51 21
52 21
53 21
54 21
55 21
56 21
57 21
65 21
66 21
67 21
68 21
69 21
70 21
71 21
72 21
73 21
74 21
75 21
76 21
77 21
78 21
79 21
80 21
81 21
82 21
83 21
84 21
85 21
86 21
87 21
88 21
89 21
90 21
95 21
97 21
98 21
99 21
100 21
101 21
102 21
103 21
104 21
105 21
106 21
107 21
108 21
109 21
110 21
111 21
112 21
113 21
114 106
115 21
116 21
117 21
118 21
119 21
120 21
121 21
122 21
48 21
49 21
50 21
51 21
52 21
53 21
54 21
55 21
56 21
57 21
65 21
66 21
67 21
68 21
69 21
70 21
71 21
72 21
73 21
74 21
75 21
76 21
77 21
78 21
79 21
80 21
81 21
82 21
83 21
84 21
85 21
86 21
87 21
88 21
89 21
90 21
95 21
97 21
98 21
99 21
100 21
101 21
102 21
103 21
104 21
105 21
106 21
107 21
108 21
109 21
110 21
111 21
112 21
113 21
114 21
115 21
116 21
117 21
118 21
119 21
120 21
121 21
122 21
48 21
49 21
50 21
51 21
52 21
53 21
54 21
55 21
56 21
57 21
65 21
66 21
67 21
68 21
69 21
70 21
71 21
72 21
73 21
74 21
75 21
76 21
77 21
78 21
79 21
80 21
81 21
82 21
83 21
84 21
85 21
86 21
87 21
88 21
89 21
90 21
95 21
97 21
98 21
99 21
100 21
101 107
102 21
103 21
104 21
105 21
106 21
107 21
108 21
109 21
110 21
111 21
112 21
113 21
114 21
115 21
116 21
117 21
118 21
119 21
120 21
121 21
122 21
48 21
49 21
50 21
51 21
52 21
53 21
54 21
55 21
56 21
57 21
65 21
66 21
67 21
68 21
69 21
70 21
71 21
72 21
73 21
74 21
75 21
76 21
77 21
78 21
79 21
80 21
81 21
82 21
83 21
84 21
85 21
86 21
87 21
88 21
89 21
90 21
95 21
97 21
98 21
99 21
100 21
101 21
102 21
103 21
104 21
105 21
106 21
107 21
108 21
109 21
110 21
111 21
112 21
113 21
114 21
115 21
116 21
117 21
118 21
119 21
120 21
121 21
122 21
48 21
49 21
50 21
51 21
52 21
53 21
54 21
55 21
56 21
57 21
65 21
66 21
67 21
68 21
69 21
70 21
71 21
72 21
73 21
74 21
75 21
76 21
77 21
78 21
79 21
80 21
81 21
82 21
83 21
84 21
85 21
86 21
87 21
88 21
89 21
90 21
95 21
97 21
98 21
99 21
100 21
101 21
102 21
103 21
104 21
105 21
106 21
107 21
108 21
109 21
110 21
111 21
112 21
113 21
114 21
115 21
116 21
117 21
118 21
119 21
120 21
121 21
122 21
48 21
49 21
50 21
51 21
52 21
53 21
54 21
55 21
56 21
57 21
65 21
66 21
67 21
68 21
69 21
70 21
71 21
72 21
73 21
74 21
75 21
76 21
77 21
78 21
79 21
80 21
81 21
82 21
83 21
84 21
85 21
86 21
87 21
88 21
89 21
90 21
95 21
97 108
98 21
99 21
100 21
101 21
102 21
103 21
104 21
105 21
106 21
107 21
108 21
109 21
110 21
111 21
112 21
113 21
114 21
115 21
116 21
117 21
118 21
119 21
120 21
121 21
122 21
48 21
49 21
50 21
51 21
52 21
53 21
54 21
55 21
56 21
57 21
65 21
66 21
67 21
68 21
69 21
70 21
71 21
72 21
73 21
74 21
75 21
76 21
77 21
78 21
79 21
80 21
81 21
82 21
83 21
84 21
85 21
86 21
87 21
88 21
89 21
90 21
95 21
97 21
98 21
99 21
100 21
101 21
102 21
103 21
104 21
105 21
106 21
107 21
108 21
109 21
110 21
111 21
112 21
113 21
114 21
115 21
116 21
117 21
118 21
119 21
120 21
121 21
122 21
48 21
49 21
50 21
51 21
52 21
53 21
54 21
55 21
56 21
57 21
65 21
66 21
67 21
68 21
69 21
70 21
71 21
72 21
73 21
74 21
75 21
76 21
77 21
78 21
79 21
80 21
81 21
82 21
83 21
84 21
85 21
86 21
87 21
88 21
89 21
90 21
95 21
97 21
98 21
99 21
100 21
101 21
102 21
103 21
104 21
105 21
106 21
107 21
108 21
109 21
110 21
111 21
112 21
113 21
114 21
115 21
116 21
117 109
118 21
119 21
120 21
121 21
122 21
48 21
49 21
50 21
51 21
52 21
53 21
54 21
55 21
56 21
57 21
65 21
66 21
67 21
68 21
69 21
70 21
71 21
72 21
73 21
74 21
75 21
76 21
77 21
78 21
79 21
80 21
81 21
82 21
83 21
84 21
85 21
86 21
87 21
88 21
89 21
90 21
95 21
97 21
98 21
99 21
100 21
101 21
102 21
103 21
104 21
105 21
106 21
107 21
108 21
109 21
110 21
111 21
112 21
113 21
114 21
115 21
116 110
117 21
118 21
119 21
120 21
121 21
122 21
48 21
49 21
50 21
51 21
52 21
53 21
54 21
55 21
56 21
57 21
65 21
66 21
67 21
68 21
69 21
70 21
71 21
72 21
73 21
74 21
75 21
76 21
77 21
78 21
79 21
80 21
81 21
82 21
83 21
84 21
85 21
86 21
87 21
88 21
89 21
90 21
95 21
97 21
98 21
99 21
100 21
101 21
102 21
103 21
104 21
105 21
106 21
107 21
108 21
109 21
110 111
111 21
112 21
113 21
114 21
115 21
116 21
117 21
118 21
119 21
120 21
121 21
122 21
48 21
49 21
50 21
51 21
52 21
53 21
54 21
55 21
56 21
57 21
65 21
66 21
67 21
68 21
69 21
70 21
71 21
72 21
73 21
74 21
75 21
76 21
77 21
78 21
79 21
80 21
81 21
82 21
83 21
84 21
85 21
86 21
87 21
88 21
89 21
90 21
95 21
97 21
98 21
99 21
100 21
101 21
102 21
103 21
104 21
105 21
106 21
107 21
108 21
109 21
110 21
111 21
112 21
113 21
114 21
115 21
116 21
117 21
118 21
119 21
120 21
121 21
122 21
48 21
49 21
50 21
51 21
52 21
53 21
54 21
55 21
56 21
57 21
65 21
66 21
67 21
68 21
69 21
70 21
71 21
72 21
73 21
74 21
75 21
76 21
77 21
78 21
79 21
80 21
81 21
82 21
83 21
84 21
85 21
86 21
87 21
88 21
89 21
90 21
95 21
97 21
98 21
99 21
100 21
101 21
102 21
103 21
104 21
105 21
106 21
107 21
108 21
109 21
110 21
111 21
112 21
113 21
114 21
115 21
116 21
117 21
118 21
119 21
120 21
121 21
122 21
48 21
49 21
50 21
51 21
52 21
53 21
54 21
55 21
56 21
57 21
65 21
66 21
67 21
68 21
69 21
70 21
71 21
72 21
73 21
74 21
75 21
76 21
77 21
78 21
79 21
80 21
81 21
82 21
83 21
84 21
85 21
86 21
87 21
88 21
89 21
90 21
95 21
97 21
98 21
99 21
100 21
101 112
102 21
103 21
104 21
105 21
106 21
107 21
108 21
109 21
110 21
111 21
112 21
113 21
114 21
115 21
116 21
117 21
118 21
119 21
120 21
121 21
122 21
48 21
49 21
50 21
51 21
52 21
53 21
54 21
55 21
56 21
57 21
65 21
66 21
67 21
68 21
69 21
70 21
71 21
72 21
73 21
74 21
75 21
76 21
77 21
78 21
79 21
80 21
81 21
82 21
83 21
84 21
85 21
86 21
87 21
88 21
89 21
90 21
95 21
97 21
98 21
99 21
100 21
101 21
102 21
103 21
104 21
105 21
106 21
107 21
108 21
109 21
110 21
111 21
112 21
113 21
114 21
115 21
116 21
117 21
118 21
119 21
120 21
121 21
122 21
48 21
49 21
50 21
51 21
52 21
53 21
54 21
55 21
56 21
57 21
65 21
66 21
67 21
68 21
69 21
70 21
71 21
72 21
73 21
74 21
75 21
76 21
77 21
78 21
79 21
80 21
81 21
82 21
83 21
84 21
85 21
86 21
87 21
88 21
89 21
90 21
95 21
97 21
98 21
99 21
100 21
101 21
102 21
103 21
104 21
105 21
106 21
107 21
108 21
109 21
110 21
111 21
112 21
113 21
114 21
115 21
116 21
117 21
118 21
119 21
120 21
121 21
122 21
48 21
49 21
50 21
51 21
52 21
53 21
54 21
55 21
56 21
57 21
65 21
66 21
67 21
68 21
69 21
70 21
71 21
72 21
73 21
74 21
75 21
76 21
77 21
78 21
79 21
80 21
81 21
82 21
83 21
84 21
85 21
86 21
87 21
88 21
89 21
90 21
95 21
97 21
98 21
99 21
100 21
101 21
102 21
103 21
104 21
105 21
106 21
107 21
108 21
109 21
110 21
111 21
112 21
113 21
114 21
115 21
116 21
117 21
118 21
119 21
120 21
121 21
122 21